    r430_1_x_joint: 1.00000
    r430_1_y_joint: 1.00000
    r430_1_z_joint: 1.00000
    r430_1_yaw_joint: 1.00000
    r430_1_pitch_joint: 1.00000
    r430_1_roll_joint: 1.00000
